1
4062
4141
4207
4208
4223
4224
4226
4382
4438
4451
4452
4454
4514
4527
4727
4814
4907
4977
4981
5007
5008
5142
5195
5232
5236
5252
5254
5256
5349
5372
5502
5617
5962
5964
6047
6062
6064
6078
6080
6109
6143
6177
6345
6373
6412
6467
6468
6622
6624
6658
6742
6745
6792
6937
6977
6978
6979
6980
7012
7013
7014
7177
7180
7183
7184
7185
7186
7298
7352
7353
7476
7562
7565
7641
7757
7759
7777
7827
7869
7902
7904
8028
8087
8141
8177
8179
8243
8248
8249
8339
8827
8885
8889
9012
9047
9048
9089
9101
9384
9567
9691
9777
9779
9781
9798
9828
9829
9853
9874
9990
10092
10102
10120
10407
10422
10425
10499
10547
10584
10686
10687
10690
10693
10715
10744
10754
10787
10789
11073
11149
11268
11273
11456
11463
11485
11504
11870
12215
12477
12479
12517
12520
12872
12992
13032
13143
13145
13150
13232
13235
13236
13237
13240
13311
13366
13386
13509
13584
13588
13604
13714
13742
13903
13966
13977
13978
13981
14062
14063
14069
14111
14158
14307
14308
14404
14452
14462
14464
14508
14596
14728
14731
14960
15002
15055
15099
15213
15459
15473
15476
15577
15612
15650
15688
15770
15897
15907
15967
15970
16101
16237
16278
16280
16442
16444
16445
16446
16460
16579
16888
17109
17307
17313
17853
18098
18196
18226
18337
18350
18374
18526
18622
18908
18916
19103
19136
19158
19159
19160
19161
19172
19468
19469
19619
19621
19660
19662
19741
19884
20059
20127
20183
20285
20377
20378
20537
20560
20617
20657
20715
20773
20774
20844
20862
20863
20945
21109
21189
21191
21277
21278
21305
21306
21836
22082
22084
22085
22086
22250
22367
22521
22556
22635
22843
22844
22862
22874
23009
23034
23128
23153
23728
23730
23854
23937
23972
24137
24523
24525
24649
24684
24806
25218
25390
25391
25460
25630
25654
25700
25811
25817
25818
25832
25833
25834
25835
25836
25857
26313
26342
26402
26404
26405
26480
26538
26620
26852
26853
26917
26954
26957
27170
27180
27324
27325
27371
27477
27480
27565
27717
27719
27743
28052
28071
28072
28110
28125
28130
28137
28139
28140
28160
28209
28225
28227
28232
28237
28238
28241
28249
28257
28262
28266
28267
28287
28448
28537
28550
28580
28667
28742
28870
28883
28897
28926
28952
29073
29095
29140
29429
29729
29744
29813
29814
29817
29910
30078
30080
30102
30128
30238
30254
30318
30517
30518
30520
30521
30677
30679
30778
30779
30947
30948
30951
31062
31090
31253
31517
31572
31633
31667
31683
31847
31977
31980
32013
32069
32177
32179
32187
32191
32202
32203
32206
32222
32226
32358
32517
32518
32519
32692
32720
32730
32877
32879
32912
32968
32971
33082
33157
33257
33272
33332
33335
33398
33413
33419
33462
33464
33477
33512
33543
33837
33885
34003
34575
34645
34682
34757
35038
35039
35233
35295
35358
35518
35568
35570
35673
35676
35793
35824
35838
35984
36016
36041
36211
36430
36432
36435
36458
36465
36467
36493
36495
36802
36907
37033
37073
37172
37212
37213
37215
37216
37262
37263
37287
37322
37323
37365
37376
37508
37510
37576
37642
37696
37773
37776
37842
37852
37855
37856
37933
37959
38022
38030
38049
38063
38066
38174
38192
38402
38403
38492
38494
38495
38516
38627
38632
38872
38876
38881
39293
39738
39739
39740
39741
39765
39766
39778
39805
39806
39896
39898
39899
39901
39907
39939
40004
40237
40519
40521
40551
40592
40597
40599
40788
40883
40912
41023
41102
41258
41303
41402
41462
41985
42097
42202
42542
42724
42810
42848
43004
43012
43095
43355
43412
43508
43942
44022
44120
44187
44387
44427
44428
44429
44431
44500
44513
44538
44540
44634
44893
44901
44917
44924
44926
45058
45201
45289
45374
45463
45464
45489
45503
45593
45594
45596
45629
45684
45794
45806
45832
46024
46147
46213
46559
46577
46656
46748
46819
46830
46956
46988
46989
47043
47119
47193
47463
47558
47749
47778
47993
48042
48467
48468
48578
48655
